C:\Users\Administrator\Desktop\Project\OuseBlog\OuseBlog\obj\Release\net9.0\wasm\for-publish\aot-in\Microsoft.Extensions.Logging.Abstractions.dll
B8020686-B928-4796-832E-C598DD9E0A75
6000001
6000002
6000003
6000004
6000005
6000006
6000007
6000008
6000009
600000a
600000b
600000c
600000d
600000e
600000f
6000010
6000011
6000012
6000013
6000014
6000015
6000016
6000017
6000018
6000019
600001a
600001b
6000022
6000023
6000024
600002a
6000074
6000075
6000076
6000077
6000078
6000079
600007e
600007f
6000080
6000081
6000082
6000086
